982 1103
266 66 30
335 336 30
337 338 6
339 340 25
340 341 14
341 342 22
343 344 21
345 346 77
347 348 9
348 349 21
350 351 8
351 352 4
351 353 14
3 338 12
338 354 9
355 356 34
357 358 17
359 360 53
344 361 58
294 362 22
355 6 11
363 364 25
343 365 77
365 7 17
366 367 43
367 295 15
294 8 12
368 9 32
343 369 30
369 370 23
371 372 9
372 373 12
374 375 9
376 377 14
378 379 9
18 19 16
339 366 15
366 9 6
9 380 15
347 381 20
22 367 23
26 382 5
28 383 9
28 384 17
385 386 6
380 387 20
388 278 42
278 389 6
389 363 4
372 390 14
391 31 17
392 393 20
19 392 18
392 384 25
384 394 17
272 395 30
261 396 12
396 397 14
340 398 58
4 399 15
400 34 15
34 401 10
402 403 5
404 405 14
406 407 32
400 408 25
354 37 15
409 357 2
357 280 7
352 345 11
345 410 13
38 411 4
411 39 25
39 401 18
412 374 15
374 413 36
40 414 31
38 415 14
414 375 49
416 40 10
403 417 11
417 286 3
286 385 7
348 418 9
419 42 17
420 359 11
359 421 16
422 43 10
20 423 43
424 425 7
426 427 11
427 428 6
427 429 20
430 428 23
431 263 18
263 388 27
44 347 14
432 401 3
432 433 22
434 47 16
371 435 15
15 436 22
391 437 9
438 439 5
37 440 8
280 441 15
442 443 17
271 50 5
444 445 23
63 419 88
409 446 30
284 26 4
26 416 25
416 447 13
274 286 12
422 37 21
448 449 33
3 450 12
451 452 50
441 453 17
453 454 7
455 456 7
457 458 26
441 459 11
453 460 11
461 462 23
463 464 6
8 368 10
428 395 16
465 466 56
467 468 34
467 469 12
470 471 10
472 424 12
291 473 51
474 475 8
475 124 2
476 477 34
292 478 7
479 480 18
481 482 10
482 86 5
483 484 6
485 304 19
486 487 31
488 489 35
490 491 32
92 492 5
493 494 21
93 495 55
495 496 21
497 498 22
498 499 27
500 501 15
95 96 128
502 503 5
503 504 5
504 495 37
504 306 8
505 506 15
507 508 9
509 99 58
101 510 18
511 512 10
512 513 14
514 515 8
515 103 11
493 516 15
517 518 13
518 519 36
520 297 6
521 522 27
297 522 19
523 524 28
525 526 20
520 527 12
528 510 23
529 530 33
531 103 12
103 532 9
533 505 15
500 534 37
534 535 14
534 536 11
95 105 12
105 505 11
505 537 9
518 538 12
538 539 29
540 541 16
483 542 18
516 543 47
108 476 12
107 544 13
544 301 6
545 546 15
85 547 8
547 548 14
549 111 13
523 550 12
550 551 7
551 515 16
113 304 13
552 85 32
553 554 9
555 303 23
556 557 43
558 559 7
559 560 9
560 114 19
561 501 11
501 562 36
562 563 18
563 564 15
559 565 4
566 567 18
511 568 36
568 512 13
568 569 8
500 496 14
570 540 42
540 491 57
491 571 22
507 430 10
572 573 16
92 574 16
305 118 14
503 575 12
576 577 16
578 579 15
538 580 7
301 581 11
549 582 14
561 583 11
571 584 91
585 586 34
585 587 27
475 588 3
126 125 3
589 590 68
93 591 16
485 592 7
521 593 38
594 595 5
595 525 8
570 596 41
596 597 19
597 556 23
598 528 12
528 529 41
599 448 38
600 601 47
602 603 24
604 300 29
572 605 16
605 550 33
550 514 14
588 606 13
607 608 15
609 610 87
90 151 23
112 611 14
612 613 16
88 614 9
615 616 6
617 618 56
619 620 25
578 317 9
506 621 10
622 623 20
618 624 7
619 625 21
626 627 36
628 629 18
506 97 6
79 630 16
145 631 6
149 632 3
633 634 8
146 635 12
636 637 10
469 638 8
639 554 1
640 641 8
642 643 26
157 158 9
473 600 8
644 645 5
645 646 20
479 647 6
648 649 7
649 650 19
647 651 5
651 652 14
651 653 11
654 655 14
656 657 43
657 658 4
658 659 7
659 660 9
660 661 50
237 662 24
161 663 17
163 664 14
233 665 29
666 661 57
667 668 38
643 165 33
669 670 19
657 671 11
672 673 18
672 674 14
156 675 11
675 667 28
676 677 6
677 678 11
679 680 11
680 681 5
325 169 5
682 683 22
684 685 25
686 687 18
176 177 22
688 689 51
690 691 19
179 692 9
692 693 12
693 694 11
695 696 7
697 698 61
188 699 41
699 189 15
190 700 8
184 193 26
701 702 13
703 194 66
198 704 25
199 705 24
706 707 19
708 709 147
162 710 8
711 201 35
201 712 23
678 713 11
678 714 12
679 715 5
648 716 16
675 717 10
718 719 85
671 720 7
655 649 20
721 320 16
200 722 8
723 234 15
240 724 4
724 672 11
725 726 7
682 679 5
169 727 6
334 243 10
253 728 7
729 730 49
730 731 47
730 732 102
733 734 90
336 337 7
344 376 9
376 365 3
0 351 18
1 2 10
2 3 3
354 261 11
261 4 9
4 476 10
432 262 12
263 355 17
360 461 8
344 5 75
6 363 5
7 366 7
735 736 30
736 10 15
6 11 24
369 12 64
12 737 28
737 13 20
13 738 29
370 371 5
372 14 7
411 15 7
15 374 15
376 378 35
13 16 16
16 17 6
17 18 10
339 19 6
5 380 6
5 282 24
9 361 8
20 264 15
264 739 25
733 381 5
733 10 16
10 265 47
381 266 16
740 21 2
10 740 12
741 742 12
742 743 6
742 447 16
742 23 10
24 25 10
25 744 9
18 27 8
27 28 12
267 385 19
386 745 3
368 380 31
737 29 7
29 30 5
30 391 1
31 32 3
32 746 13
746 268 39
33 269 5
261 270 6
4 747 22
4 748 15
386 271 28
272 271 15
272 400 8
1 403 4
1 35 4
35 36 10
12 407 24
354 273 6
352 749 5
410 38 7
415 41 4
414 41 12
743 40 9
743 442 3
23 442 9
23 750 6
267 750 3
417 274 19
359 42 18
346 42 4
346 39 13
745 43 11
745 751 1
20 751 25
752 753 6
426 472 1
430 754 6
752 754 16
752 468 7
755 756 1
263 756 48
388 44 2
370 45 14
446 455 6
46 757 7
757 434 10
47 275 2
736 275 15
338 276 13
7 377 27
434 758 15
758 48 4
48 759 15
758 277 33
2 760 13
49 761 33
278 762 7
31 763 12
746 279 9
50 439 14
405 463 13
29 407 34
280 764 31
39 765 30
415 766 24
41 51 21
750 465 1
449 52 51
52 767 86
751 53 26
424 54 8
754 467 1
44 768 22
769 281 33
733 55 2
55 770 11
50 438 4
285 451 12
771 56 5
757 772 1
56 57 21
35 773 8
389 58 9
59 60 9
42 420 8
34 774 11
0 350 9
772 283 17
46 775 14
30 406 9
32 776 8
18 777 15
16 778 13
26 779 24
410 59 12
0 780 6
740 55 14
772 61 31
27 781 18
17 782 22
444 431 9
431 445 18
783 784 2
784 785 1
785 786 3
786 787 1
787 788 2
783 788 1
771 62 36
771 63 33
409 63 88
749 446 1
749 789 27
789 790 1
349 790 11
349 284 19
447 791 1
738 64 11
738 570 43
24 449 54
741 792 4
741 65 3
285 65 5
274 285 14
36 286 16
36 422 1
396 37 15
396 748 9
445 783 5
786 792 6
785 791 3
735 790 3
755 793 3
445 794 1
793 794 1
788 793 2
787 792 6
784 791 3
735 789 3
755 794 2
21 66 27
283 287 25
461 67 5
67 68 8
455 46 7
734 21 16
283 457 1
67 795 4
268 288 15
734 69 44
69 796 31
753 70 3
70 71 2
72 797 3
73 798 3
73 799 3
8 289 15
289 387 5
423 74 15
268 33 7
463 76 4
69 77 167
753 426 13
70 72 3
72 73 3
289 78 2
423 79 11
465 80 10
472 290 6
468 281 11
756 81 9
82 800 20
801 291 6
475 802 18
605 83 3
83 803 3
803 804 1
804 84 5
804 805 36
806 292 8
478 85 5
801 602 19
801 479 50
807 613 5
86 87 2
87 88 8
484 486 13
484 485 3
485 487 42
487 488 5
808 590 1
590 293 9
809 89 109
810 90 4
90 811 232
90 812 33
596 813 9
813 814 26
814 815 5
294 815 12
814 91 9
482 92 4
295 813 23
495 499 29
816 497 1
499 500 37
498 94 12
96 502 5
94 306 9
97 817 3
595 98 8
818 819 4
576 509 10
99 100 7
598 820 3
820 101 9
101 102 20
102 511 6
493 821 4
516 296 6
296 517 1
297 521 6
522 104 4
22 815 6
532 533 1
298 822 20
818 822 8
818 823 21
824 825 8
100 825 7
822 137 6
825 299 51
295 394 9
300 553 17
483 106 29
106 107 2
405 107 3
487 301 10
544 109 9
544 302 12
86 110 18
85 110 15
548 111 16
93 111 6
93 615 8
523 303 7
548 549 4
549 304 24
110 826 9
112 113 7
486 304 8
477 311 18
315 552 2
552 612 3
553 827 8
114 561 7
560 565 3
114 565 20
562 566 4
566 628 1
553 115 8
115 116 1
547 116 4
821 828 109
507 828 31
828 123 25
803 572 8
105 829 16
94 830 13
502 305 8
305 117 13
306 831 19
96 832 22
508 636 4
307 633 10
103 833 8
296 119 11
533 120 24
532 308 11
298 309 66
824 121 20
824 122 15
541 310 36
111 834 31
112 835 13
113 836 17
116 837 8
115 312 11
541 585 8
606 124 14
125 838 14
126 839 18
97 126 5
125 840 6
118 841 8
22 842 13
843 127 17
110 546 14
106 542 16
64 844 14
820 128 13
845 313 13
87 545 11
601 129 6
129 846 15
130 847 31
130 848 14
131 849 23
850 851 2
851 852 27
62 853 19
132 854 80
64 133 13
101 134 33
448 135 10
597 136 18
848 855 18
848 131 20
809 131 68
809 810 42
808 589 46
589 132 38
132 856 22
62 856 12
856 594 1
49 525 8
49 64 4
598 556 21
529 845 1
520 845 10
520 314 14
601 857 63
602 601 4
82 603 6
82 858 69
748 399 1
807 315 15
300 315 28
605 300 21
95 514 13
474 95 17
474 606 21
816 606 16
843 859 11
859 860 1
850 860 112
850 861 11
858 859 6
858 860 6
862 863 5
599 863 7
863 864 5
314 865 17
865 866 5
865 867 5
137 868 3
137 869 2
870 607 5
607 871 5
866 868 1
868 872 1
864 872 1
862 864 1
862 871 1
870 871 2
867 870 1
866 867 1
610 138 48
851 138 12
851 873 32
810 874 77
816 843 23
826 611 11
75 492 2
399 139 10
140 875 7
608 622 5
622 617 16
617 619 18
823 141 9
876 142 17
877 143 25
655 316 14
537 317 12
826 112 1
612 144 5
613 481 1
88 483 3
399 878 10
75 139 6
303 140 3
615 140 1
823 876 2
141 879 16
824 876 9
877 880 5
625 881 1
537 578 2
317 882 11
79 821 48
881 145 12
146 883 30
513 318 12
869 147 7
819 319 9
880 148 9
148 149 1
874 884 3
884 150 2
884 151 3
881 626 1
145 146 7
869 872 1
819 877 2
319 152 6
576 880 5
148 885 4
808 874 16
508 633 7
878 604 34
469 470 1
470 638 7
827 639 2
555 640 3
639 640 3
807 878 1
636 307 12
827 555 1
153 684 7
886 154 12
887 703 43
888 642 22
643 725 8
155 706 7
706 156 6
156 157 10
646 159 148
159 708 37
647 654 4
654 648 1
857 160 11
160 721 9
320 889 11
889 890 8
890 891 4
891 656 14
661 662 27
160 892 4
892 162 1
162 163 3
320 239 10
890 665 15
660 666 6
658 161 12
164 321 179
321 893 53
894 322 7
165 323 7
323 166 10
166 669 7
667 323 21
659 324 32
895 167 52
167 676 14
687 224 16
687 168 18
889 723 7
325 896 13
896 682 1
896 683 20
170 897 8
153 897 4
153 685 40
685 171 9
897 898 7
165 899 28
687 699 33
900 172 19
172 173 47
173 174 48
174 175 8
175 176 9
177 689 87
689 178 2
178 901 30
894 179 5
886 693 18
886 695 3
692 180 25
181 182 50
182 326 17
326 183 3
183 902 13
902 184 7
184 185 14
185 186 32
186 187 33
187 903 20
719 697 12
698 188 3
189 190 4
700 191 15
181 191 36
698 192 45
192 904 3
902 193 33
887 905 4
887 332 5
703 702 16
194 195 14
195 196 10
196 197 2
197 329 12
701 199 7
156 906 21
155 907 10
892 200 7
163 908 17
712 909 2
646 164 31
202 910 283
911 203 3
203 912 74
204 208 244
913 914 9
205 206 12
206 207 15
207 208 10
171 915 46
175 916 57
178 917 61
196 918 12
197 919 20
179 920 19
921 922 3
698 209 20
188 923 13
198 924 11
210 925 14
173 926 14
172 927 12
166 928 14
669 211 16
158 929 14
207 930 7
931 212 6
891 213 9
214 932 4
190 933 13
700 215 15
181 934 20
182 935 29
184 327 21
189 686 17
194 936 16
216 937 33
201 938 13
174 939 17
177 688 20
172 940 22
217 941 13
218 942 59
157 943 33
156 944 15
206 945 19
219 946 84
947 229 28
220 948 16
221 949 23
214 950 19
873 222 58
223 328 13
199 951 25
855 952 7
901 913 9
711 913 14
711 225 12
217 225 9
690 218 40
888 690 35
888 219 39
204 219 29
895 204 82
857 895 7
861 953 1
950 953 21
900 950 7
900 921 9
921 931 32
931 947 12
947 220 2
220 223 48
901 223 41
901 911 12
909 911 41
210 216 15
644 216 31
644 954 15
954 718 4
719 226 57
226 694 74
898 694 22
898 955 6
861 952 4
905 718 7
952 953 5
905 954 6
873 227 18
956 228 7
221 228 24
221 922 13
202 217 30
202 218 5
909 210 22
855 227 13
662 957 13
230 958 10
231 959 11
683 957 15
185 960 13
721 232 14
200 961 13
723 233 12
234 962 13
329 330 22
914 331 7
963 235 5
235 964 5
704 965 52
724 236 6
332 966 10
227 967 12
662 161 5
230 237 11
230 231 5
231 238 12
957 238 1
722 239 11
325 234 1
329 198 1
914 963 5
205 963 17
671 724 11
236 240 19
332 701 6
922 241 25
682 169 9
725 155 4
696 968 2
969 970 23
242 971 5
243 244 30
955 245 9
245 246 9
334 247 3
247 248 2
248 249 25
969 249 1
969 972 7
972 250 14
250 251 68
251 252 28
242 245 7
242 973 2
252 253 15
728 729 14
170 974 35
974 975 32
975 256 34
972 333 65
894 243 14
244 254 8
244 976 21
253 977 32
974 255 67
975 257 50
193 978 22
248 258 22
247 979 11
250 980 18
249 981 13
955 252 108
246 259 23
257 260 73
334 246 10
